"ID","class1","class2","class3","class4","class5","class6","class7","class8","class9"
1,0.653190109361715,0.0812056068934179,0.0170427646795992,0.0490000397270523,0.0548765963319403,0.0475841227643571,0.0808850174983344,0.00762358258123147,0.0085921601623529
2,0.225729527258968,0.166291751498523,0.0655664437230895,0.14096062831418,0.0620617846069953,0.0660370467214461,0.178727504346818,0.0572898356772259,0.0373354778527534
3,0.190684418288979,0.264258236159495,0.0459755554137709,0.114228761129228,0.0630369109758956,0.0701891368848825,0.166510227081458,0.0527068481313,0.0324099059349913
4,0.181499135921805,0.218238954223899,0.0524863753828556,0.10347230512971,0.0716256878335399,0.0665621070064519,0.230207358696347,0.0334518810061049,0.0424561947992869
5,0.220062840003064,0.151570872164671,0.0632204856575178,0.16413209969056,0.0624908400487285,0.0648108935178483,0.184847340554868,0.0529948056018219,0.035869822760922
6,0.313798493145125,0.144770436312626,0.0583675653225443,0.133412376330284,0.0576194822410049,0.0592924223515001,0.169743365744158,0.0353134846328128,0.0276823739199449
7,0.190204022235356,0.225711931573452,0.0510412173229059,0.0975507398210985,0.0673215134872808,0.064639678295172,0.229688207635016,0.0342467877940149,0.0395959018357035
8,0.193369208009429,0.246243239259362,0.0616963614149426,0.125185057221047,0.0563889625566887,0.0635599202514078,0.166735911416571,0.0512363171248175,0.0355850227457347
9,0.166186162338475,0.307998211045889,0.0446771033421798,0.103485996313307,0.0561321021537726,0.0696615314462929,0.153813855289518,0.0682330193013197,0.0298120187692461
10,0.220062840003064,0.151570872164671,0.0632204856575178,0.16413209969056,0.0624908400487285,0.0648108935178483,0.184847340554868,0.0529948056018219,0.035869822760922
11,0.149307198161462,0.179668353829365,0.0473232434130913,0.0990110382910864,0.0670475473797823,0.105897481236641,0.275853359611294,0.0433949412577062,0.0324968368195719
12,0.0470516681307558,0.569198754633857,0.0208976927026938,0.0346168457630515,0.0347085990873956,0.0371144483055271,0.222695846630897,0.0225845558448085,0.0111315889010134
13,0.181862902018078,0.218474349297221,0.0523675043598678,0.103364046305921,0.0715910562385265,0.066428575389652,0.230146967318353,0.0332428973512897,0.0425217017210909
14,0.10141833945581,0.371551846448733,0.0482778080979878,0.0738287646281692,0.0536856586455518,0.0519577945567795,0.23067813401649,0.0346667288553055,0.0339349252951736
15,0.150869669044671,0.270964655485325,0.0490153764306705,0.0865330754148202,0.0637806971649618,0.0651664533663292,0.240552709632602,0.0380030305437491,0.0351143329168715
16,0.200038039572514,0.224707403878332,0.0501130443648942,0.106002587943779,0.0661983768495499,0.0644920019952031,0.220482421425168,0.0317720245870123,0.0361940993835463
17,0.172253405193611,0.198926264614335,0.0558569827557906,0.107301822229211,0.0758381416456531,0.0736956909596901,0.231712208960029,0.0417896428793267,0.0426258407623544
18,0.0796751993453971,0.413432574690876,0.043514823000069,0.0767074329674409,0.0399113143296995,0.0799155488084286,0.193174082461758,0.0500419773762834,0.0236270470200473
19,0.0919039173355898,0.289221011577163,0.052081005177091,0.0714810118328248,0.0668903652746046,0.086877031250174,0.232757859496724,0.0715791543547003,0.0372086437011291
20,0.179310229605018,0.275061054449606,0.0476620703913407,0.0795106407882737,0.0582213457479167,0.058460016622777,0.22812977496384,0.0377536505751219,0.0358912168561062
21,0.222833765709501,0.155127824787158,0.0645104923792883,0.154428654636986,0.0623601213754942,0.0653631209515261,0.183583076496494,0.0552587050222954,0.0365342386412555
22,0.181862867721692,0.218474360162717,0.0523675071676851,0.103364055800162,0.071591059194532,0.0664285768025999,0.230146970352205,0.0332428989917948,0.0425217038066125
23,0.225036446154429,0.161234384264867,0.0653256069363219,0.145576693431266,0.0622367182921516,0.0658562608506193,0.180826964042368,0.056805852585318,0.0371010734426586
24,0.10346903343907,0.36985658815982,0.0491495690329626,0.127604261431351,0.0432112997657879,0.062556758468767,0.161807632871158,0.0503402014953874,0.0320046553356971
25,0.289420613932321,0.351152482706308,0.0287360179103229,0.0641825739416704,0.0311516287355613,0.040232476952128,0.150805762276203,0.0279467508132393,0.0163716927322457
26,0.0796132398589996,0.377864869201394,0.0439729235222417,0.0700335569847391,0.047989778597325,0.062807154174907,0.206602258636031,0.0774047318349953,0.0337114871893677
27,0.206944448067897,0.199394404428145,0.0550674942731294,0.125079249791664,0.0664754220527894,0.0726489303078831,0.192515324264293,0.0465630246473158,0.0353117021668836
28,0.373012580237771,0.0977800973814083,0.0422449751180415,0.088782433976188,0.0644738120707873,0.06191387954565,0.219468601157939,0.0256296704092977,0.0266939501029176
29,0.181862867713137,0.218474360149662,0.0523675071720516,0.103364055803375,0.0715910591955814,0.0664285768077172,0.230146970355335,0.0332428989999485,0.0425217038031924
30,0.108397505709057,0.313263488332707,0.0536793490021967,0.0938900118480992,0.0608989569235861,0.0592248702824601,0.233203653271435,0.0394475567223443,0.0379946079081139
31,0.365056963230772,0.17839079947301,0.0633142051574436,0.113122184042644,0.0827280585894153,0.0509686895109975,0.101044289246911,0.0190883765457605,0.0262864342030465
32,0.259272411831129,0.180298570402488,0.043361924039541,0.142323563159382,0.0614246451040148,0.0662634927696868,0.177160464196317,0.0468747974159628,0.0230201310814783
33,0.181862867721692,0.218474360162717,0.0523675071676851,0.103364055800162,0.071591059194532,0.0664285768025999,0.230146970352205,0.0332428989917948,0.0425217038066125
34,0.181862867721692,0.218474360162717,0.0523675071676851,0.103364055800162,0.071591059194532,0.0664285768025999,0.230146970352205,0.0332428989917948,0.0425217038066125
35,0.156100051632253,0.249851921770997,0.0516854085865473,0.145910580489595,0.0552938696908271,0.0608229921011527,0.218470582164098,0.0328193120587209,0.0290452815058099
36,0.439634749139132,0.0912220085793047,0.0354591812853779,0.116425377842817,0.0658988330720291,0.0641276893222477,0.14114427962916,0.0257739014262491,0.0203139797036821
37,0.220062840003064,0.151570872164671,0.0632204856575178,0.16413209969056,0.0624908400487285,0.0648108935178483,0.184847340554868,0.0529948056018219,0.035869822760922
38,0.110600037989119,0.211211813589514,0.0460942287148069,0.0775195618475861,0.0613306261827074,0.0988184065303883,0.298407629004359,0.0641697606886092,0.0318479354529108
39,0.0755626009512031,0.385908016222035,0.0469968376822394,0.0954234607349865,0.0501225406372883,0.0548408892166299,0.231611139904649,0.0306561327459279,0.0288783819050399
40,0.233561544644712,0.153278820231851,0.059783590353854,0.164815981693298,0.0613452474822944,0.0636183927445675,0.183997040279103,0.046730105284555,0.032869277285764
41,0.181862867721692,0.218474360162717,0.0523675071676851,0.103364055800162,0.071591059194532,0.0664285768025999,0.230146970352205,0.0332428989917948,0.0425217038066125
42,0.220062840003064,0.151570872164671,0.0632204856575178,0.16413209969056,0.0624908400487285,0.0648108935178483,0.184847340554868,0.0529948056018219,0.035869822760922
43,0.605157146193065,0.224228612421674,0.0121163510379069,0.0277502246822198,0.0237722495733408,0.0205614815555278,0.0689437873124383,0.0106773701922232,0.00679277703160474
44,0.223815091660223,0.220581177219977,0.0486989277181124,0.135807909307553,0.0559746756678291,0.0685319202920571,0.16216275700104,0.054897442815916,0.0295300983172926
45,0.220062840003064,0.151570872164671,0.0632204856575178,0.16413209969056,0.0624908400487285,0.0648108935178483,0.184847340554868,0.0529948056018219,0.035869822760922
46,0.178068487067704,0.225162197309171,0.0522482925015986,0.102645257752584,0.07083957201619,0.0657283772919975,0.2301156367545,0.0332776218401543,0.0419145574661004
47,0.132807717855648,0.293086319407652,0.0480506241823257,0.0811822914443066,0.0615330361359977,0.076898980609109,0.228360563198386,0.0455957655404502,0.0324847016261248
48,0.181862335853247,0.218473541759121,0.0523676215639759,0.103365155569848,0.0715911952495023,0.0664285727636678,0.230147229007689,0.0332426794509302,0.0425216687820191
49,0.220062840003064,0.151570872164671,0.0632204856575178,0.16413209969056,0.0624908400487285,0.0648108935178483,0.184847340554868,0.0529948056018219,0.035869822760922
50,0.132475368200867,0.328415812982284,0.0460980496673843,0.0713645818773763,0.0554767767424626,0.0559426004710027,0.239910868191477,0.0375972407749189,0.0327187010922269
51,0.304476655592868,0.390164551584184,0.0231874548001598,0.0260613286538135,0.0446709303770289,0.0475560104799253,0.129516184659656,0.0217460708284898,0.0126208130238746
52,0.181863052535276,0.218474175962391,0.0523674926044837,0.103364001060527,0.0715910985725335,0.0664285843090331,0.230147014307012,0.0332428942072986,0.042521686441445
53,0.259935305721595,0.15071128215098,0.0597027636320228,0.129687423375193,0.0620993206826989,0.0690966118886717,0.178779072946282,0.0541289541032677,0.0358592654992893
54,0.180022143212485,0.20530615886766,0.12373235641624,0.125747734168124,0.0906283674051354,0.0708731111783508,0.0990881850953643,0.0526359168912422,0.0519660267653983
55,0.0811931157132688,0.50165551978113,0.0334496051055832,0.0657309413389018,0.0342831098413191,0.0677309993254436,0.166858033186134,0.0330824098572855,0.016016265850934
56,0.150999245649151,0.291916273968031,0.0484860597097615,0.0920221376509231,0.0635497369689983,0.0576776140234207,0.228209947811874,0.0294468689731681,0.0376921152446722
57,0.181862867721692,0.218474360162717,0.0523675071676851,0.103364055800162,0.071591059194532,0.0664285768025999,0.230146970352205,0.0332428989917948,0.0425217038066125
58,0.334273846834077,0.167712128607397,0.0407899449197308,0.0737986379013477,0.0606134615345215,0.0598239816586033,0.203746662411412,0.0275163754726639,0.0317249606602468
59,0.187593029506508,0.216010797147989,0.0510237221939757,0.0923298286768142,0.0698066287271403,0.0725725157380478,0.236074319908337,0.0377036900596593,0.0368854680415285
60,0.181862857834708,0.218474352884777,0.0523675060006226,0.10336405530188,0.0715910570251854,0.0664285896916024,0.230146980347646,0.0332428999701389,0.0425217009434389
61,0.127911701138067,0.320600020902175,0.0712314665006613,0.0728858655303019,0.0653978447392189,0.070425239749498,0.170573777599657,0.0644538035560829,0.0365202802843382
62,0.044052304935602,0.661788561691799,0.0809209509038636,0.045717826299523,0.0378024485252575,0.0311819185406238,0.0547466179321155,0.0246493550812399,0.0191400160899757
63,0.298941282446965,0.134575604236426,0.0517961415627921,0.123125311805069,0.0579087817100053,0.0694613617257867,0.18936575099037,0.0441615499275074,0.0306642155950779
64,0.356466699844118,0.164813117129674,0.0385019496903879,0.0735199375424982,0.0591971553036937,0.0575603988953368,0.193633010811345,0.0248228299349945,0.0314849008479522
65,0.181862857834708,0.218474352884777,0.0523675060006226,0.10336405530188,0.0715910570251854,0.0664285896916024,0.230146980347646,0.0332428999701389,0.0425217009434389
66,0.146546933898476,0.186136569775923,0.0498485535767753,0.107504326766332,0.0723701406680652,0.0964527191576248,0.246005174982227,0.0564768285354434,0.0386587526391334
67,0.220062840003064,0.151570872164671,0.0632204856575178,0.16413209969056,0.0624908400487285,0.0648108935178483,0.184847340554868,0.0529948056018219,0.035869822760922
68,0.364637135816471,0.181886499699463,0.0400438830705295,0.112851364058147,0.0412395579002623,0.042492449204333,0.163774317953894,0.0322354479382234,0.0208393443586772
69,0.181862867721692,0.218474360162717,0.0523675071676851,0.103364055800162,0.071591059194532,0.0664285768025999,0.230146970352205,0.0332428989917948,0.0425217038066125
70,0.181862867608417,0.218474360079369,0.0523675071543141,0.103364055794461,0.0715910591696845,0.0664285769501901,0.230146970466705,0.0332428990030207,0.0425217037738385
71,0.181866421442614,0.218473010648195,0.0523672546677959,0.103363096285385,0.0715907567913956,0.0664284928339617,0.230146700249339,0.0332428301865776,0.0425214368947359
72,0.60824416380532,0.0694809596470574,0.021267203934001,0.0807747421769696,0.0585749849548952,0.0549823472865424,0.0821478009915897,0.0124469780369897,0.0120808191666347
73,0.12867087887345,0.332583388701458,0.0458948933923535,0.0701330376849163,0.0552235805476542,0.0557214843571677,0.241554739431544,0.0378185078714801,0.0323994891399762
74,0.121438579848588,0.248496490488779,0.0583942144442054,0.12380012665094,0.0716191585054729,0.0614075646066458,0.237867668229586,0.0361037485419735,0.0408724486838094
75,0.305595485278493,0.135925946672515,0.0605280456907364,0.143228051854146,0.0551687226672118,0.0570796087611273,0.172613725917603,0.040912462490415,0.0289479506677525
76,0.189342524232283,0.215277184372303,0.0527855636354295,0.114162593360148,0.0689152632825636,0.0671568720712038,0.221303137559125,0.0337087065492332,0.0373481549377113
77,0.220062840003064,0.151570872164671,0.0632204856575178,0.16413209969056,0.0624908400487285,0.0648108935178483,0.184847340554868,0.0529948056018219,0.035869822760922
78,0.180926295354888,0.217018998898763,0.0525654476673709,0.10533941166838,0.0718222347137247,0.0664171593009556,0.230599762627849,0.0328533820939435,0.0424573076741256
79,0.181862867721692,0.218474360162717,0.0523675071676851,0.103364055800162,0.071591059194532,0.0664285768025999,0.230146970352205,0.0332428989917948,0.0425217038066125
80,0.195563639040998,0.213147906240275,0.0524054418150827,0.11141077675644,0.0693880853275954,0.067588396981493,0.22028498271275,0.0333260434291031,0.0368847276962626
81,0.108312142213589,0.457207012724708,0.0373346954341967,0.0953626376735902,0.0309881186194674,0.0641790091236479,0.156530242006334,0.0332658596380524,0.0168202825664141
82,0.139753474702215,0.109651076591715,0.142533790755525,0.156077485808954,0.147813476553784,0.0862617132052562,0.11699848001902,0.0432592589517453,0.0576512434117856
83,0.373169508536813,0.118913125491394,0.0405681240617029,0.130648431279012,0.0527860070027231,0.0635210427136537,0.168611161484853,0.0297682699714116,0.0220143294584355
84,0.180536347766654,0.217813984722607,0.0527751230089654,0.103731557027001,0.0717155375475604,0.0668881869701872,0.230251249799387,0.0339811318222155,0.0423068813354225
85,0.301470087654788,0.16504602628852,0.050092250992448,0.11244393273808,0.0675285501368035,0.0663729658308952,0.185221845582599,0.0272357757084736,0.0245885650673927
86,0.181862867721692,0.218474360162717,0.0523675071676851,0.103364055800162,0.071591059194532,0.0664285768025999,0.230146970352205,0.0332428989917948,0.0425217038066125
87,0.220062840003064,0.151570872164671,0.0632204856575178,0.16413209969056,0.0624908400487285,0.0648108935178483,0.184847340554868,0.0529948056018219,0.035869822760922
88,0.570053780877802,0.090547770820192,0.0254634512942995,0.0857818230528346,0.0520742215777355,0.0494373198753918,0.0950934947780278,0.0162231504322791,0.0153249872914375
89,0.178308660857979,0.226310088153489,0.0519944573265709,0.102369509838836,0.0706980174293838,0.0653906493484336,0.230052810483251,0.0328548656029791,0.0420209409590778
90,0.184570787255297,0.226007078411962,0.0524033505984739,0.106614557977278,0.068539806170858,0.0665500743894249,0.223328219872346,0.0330687958568175,0.0389173294675438
91,0.266167745731111,0.142767849934137,0.0941924463666427,0.133918193411546,0.0786624912876151,0.0696284032598229,0.128255126883476,0.0531549202851154,0.0332528228405336
92,0.181862867722004,0.21847436016236,0.0523675071676449,0.103364055799987,0.0715910591945734,0.0664285768026921,0.230146970352395,0.0332428989917871,0.0425217038065563
93,0.163394719469706,0.26524260869572,0.0535765075520787,0.118297068534376,0.0567992650133792,0.0656189849812765,0.20469626078153,0.0409531218944305,0.031421463077503
94,0.220185904510548,0.183299631969182,0.056506462535467,0.144924316761584,0.0623433165740046,0.0655783269210924,0.191885551751087,0.0432958884546184,0.0319806005224166
95,0.215927061115462,0.205985471993098,0.0642061394323982,0.128486456680703,0.0593640192787825,0.0650303089362087,0.169172635273964,0.055004277397178,0.0368236298922059
96,0.234187532778986,0.170981941601548,0.0468887169673017,0.103881159152579,0.0687419559871562,0.0685908198304595,0.249948815099362,0.0275207681698901,0.0292582904127184
97,0.451614084329573,0.122495022173613,0.0506147699790452,0.106978439646408,0.0676472178686787,0.0555519171069466,0.108611837034609,0.0189349125915236,0.017551799269603
98,0.397212149725318,0.141758389254979,0.0683052131374292,0.107566073932472,0.0793983839100421,0.0550933891618431,0.0911231538299646,0.0252205593570843,0.0343226876908677
99,0.181862867721692,0.218474360162717,0.0523675071676851,0.103364055800162,0.071591059194532,0.0664285768025999,0.230146970352205,0.0332428989917948,0.0425217038066125
100,0.181859125941396,0.218472950946639,0.0523685789387767,0.103364956763942,0.0715912855029924,0.0664297011197987,0.230147639851559,0.0332447892569303,0.0425209716779663
101,0.191257296043613,0.274649356246141,0.0543417413451295,0.13200314100807,0.0490649161722244,0.0561453739775811,0.163859983700413,0.0477927653221239,0.0308854261847041
102,0.223796085624038,0.157183430227859,0.064885648605112,0.150850831140248,0.0623252150658505,0.0655727681974139,0.182655018409323,0.0559578203287813,0.0367731824013736
103,0.220062840003064,0.151570872164671,0.0632204856575178,0.16413209969056,0.0624908400487285,0.0648108935178483,0.184847340554868,0.0529948056018219,0.035869822760922
104,0.605157146193065,0.224228612421674,0.0121163510379069,0.0277502246822198,0.0237722495733408,0.0205614815555278,0.0689437873124383,0.0106773701922232,0.00679277703160474
105,0.224526787928842,0.159270819343372,0.0651498748285306,0.147902803031444,0.062284713582522,0.065737373855357,0.18170301222297,0.0564630119469908,0.0369616032599712
106,0.163532991553512,0.296301664843889,0.0470804400292915,0.0763521145375177,0.0567889099383017,0.0568083662981046,0.230784952622648,0.0374554566375312,0.0348951035392052
107,0.663227194406964,0.0687017247016898,0.0173668949558064,0.0557400768133898,0.0534083586114723,0.0493485606144158,0.0733454393105617,0.00925211871820334,0.00960963186749676
108,0.303139487024945,0.16014950433083,0.0450542386276054,0.079799139698248,0.0620740480078541,0.0635543077462306,0.220113082003293,0.0326374704941752,0.0334787220668185
109,0.181862867721692,0.218474360162717,0.0523675071676851,0.103364055800162,0.0715910591945321,0.0664285768025999,0.230146970352205,0.0332428989917948,0.0425217038066124
110,0.196565613607899,0.138895776485526,0.0616239250134407,0.14182740377005,0.088789628507881,0.0846131685419909,0.189560528944,0.0622946412875325,0.0358293138416809
111,0.240247679583508,0.163006958850883,0.0544519810601386,0.165507815701696,0.0598634015122069,0.0646869883151888,0.179410313341664,0.0434287896736982,0.0293960719610168
112,0.220062840003064,0.151570872164671,0.0632204856575178,0.16413209969056,0.0624908400487285,0.0648108935178483,0.184847340554868,0.0529948056018219,0.035869822760922
113,0.126979595010173,0.315379919707525,0.051248571064607,0.118781169733214,0.0608992239361821,0.0700574208833157,0.175025561700596,0.0491062256984777,0.0325223122659104
114,0.220062840003064,0.151570872164671,0.0632204856575178,0.16413209969056,0.0624908400487285,0.0648108935178483,0.184847340554868,0.0529948056018219,0.035869822760922
115,0.176227706322905,0.219288405394706,0.0535053090866665,0.104526761033124,0.0718634137984991,0.0674926896302872,0.229734526224668,0.0353976981407936,0.0419634903683505
116,0.191266860619211,0.209120333289572,0.0522204914393877,0.106657265383326,0.0712019812046689,0.0659292315467468,0.230644844124521,0.0314083402150766,0.0415506521774896
117,0.170579826514489,0.210399851980253,0.0553604761981063,0.120769036340628,0.0733644420696718,0.0674458256695098,0.229502140419456,0.0316943405978766,0.0408840602100103
118,0.134341344507876,0.22858313060377,0.0557513139431744,0.130734240154152,0.0646450007497079,0.0708796707282169,0.241894610226899,0.0399726973001295,0.0331979917860749
119,0.18186383327558,0.218474037499287,0.052367427877585,0.103363807429465,0.0715909772067719,0.066428536333091,0.23014688737585,0.0332428489164845,0.0425216440858862
120,0.0886282980337382,0.355631459761562,0.0455581914269929,0.0825368465765768,0.0472097652249269,0.0748667534443803,0.220670757143787,0.053202174696131,0.0316957536919051
121,0.181862867721692,0.218474360162717,0.0523675071676851,0.103364055800162,0.071591059194532,0.0664285768025999,0.230146970352205,0.0332428989917948,0.0425217038066125
122,0.136041717905813,0.327066664207515,0.0418240732068407,0.0607207483886646,0.0495808621840808,0.0636695024716462,0.222722791474375,0.0654270701714569,0.0329465699896082
123,0.286512937126742,0.116915400855838,0.09908778153673,0.135985548638469,0.0908415096285053,0.0717173992585212,0.110815033371915,0.0535525671181159,0.0345718224651642
124,0.184384326139233,0.217698772458156,0.0524585959737473,0.105995852246149,0.0709220308059675,0.0666226765740732,0.227686748692587,0.0331479871817109,0.0410830099283751
125,0.175765890008478,0.268164918324746,0.0485202184466517,0.0857958885254676,0.0608860626111697,0.0593202968920606,0.230645214920365,0.0349473784468056,0.0359541318242554
126,0.162794409260776,0.335516841029225,0.0492210662935435,0.10669333294408,0.0489246727907393,0.0613460187289171,0.153421582581836,0.0516473007349642,0.0304347756359187
127,0.220062840003064,0.151570872164671,0.0632204856575178,0.16413209969056,0.0624908400487285,0.0648108935178483,0.184847340554868,0.0529948056018219,0.035869822760922
128,0.319806040784775,0.158347337294815,0.0485513327090323,0.12307154346674,0.0658662451031997,0.0642334689541083,0.172549373369349,0.0249908876302714,0.0225837706877085
129,0.18186286159027,0.21847435072579,0.0523675084870422,0.103364068478163,0.0715910607642977,0.0664285767562164,0.230146973333499,0.0332428964595669,0.0425217034051544
130,0.156744348082673,0.181100701065007,0.0587873581540506,0.114439228194684,0.08326853207451,0.0881664121119829,0.232511832227801,0.0482439409346068,0.0367376471546846
131,0.103371274177939,0.418011269017471,0.0414226176966335,0.0672450262621599,0.0502608001975269,0.0459657913452836,0.221410032321572,0.0240018558935108,0.0283113330879029
132,0.605157146193065,0.224228612421674,0.0121163510379069,0.0277502246822198,0.0237722495733408,0.0205614815555278,0.0689437873124383,0.0106773701922232,0.00679277703160474
133,0.106434672779968,0.378879209373873,0.0441557868519149,0.114231948335161,0.0462282632613571,0.0627098651807254,0.167759305395518,0.0510280363477476,0.0285729124737345
134,0.199455629640802,0.204164640865322,0.0541163999869539,0.126837719168097,0.0677933218917371,0.0688943692957528,0.209066625325563,0.0359484417544591,0.0337228520713134
135,0.181862867293373,0.218474361100923,0.0523675071233881,0.103364055684973,0.0715910590869655,0.0664285766760911,0.230146970342094,0.0332428989450733,0.0425217037471183
136,0.181862867721692,0.218474360162717,0.0523675071676851,0.103364055800162,0.071591059194532,0.0664285768025999,0.230146970352205,0.0332428989917948,0.0425217038066125
137,0.181839224700314,0.218469585158889,0.0523736734634328,0.103368938681814,0.0715920560228998,0.066434744814881,0.230150831774682,0.0332538901142476,0.0425170552688398
138,0.0833939613984433,0.549849458143803,0.0681467640111702,0.0642360133773662,0.0443175498690779,0.03918751499397,0.0940589818967933,0.0296064736662666,0.0272032826431093
139,0.181862867721692,0.218474360162717,0.0523675071676851,0.103364055800162,0.071591059194532,0.0664285768025999,0.230146970352205,0.0332428989917948,0.0425217038066125
140,0.507128916769739,0.217188096466928,0.0187394625631648,0.0694194540422419,0.0321174062142097,0.0299452553990743,0.100947516343261,0.0144071632867989,0.010106728914583
141,0.164102782040738,0.214255560675062,0.0565827285436672,0.110081863047364,0.0762860665388225,0.0748160271322312,0.211217252229457,0.0461477619135693,0.0465099578790892
142,0.166089828329516,0.329096141873739,0.0435655581038827,0.0883597829469521,0.0485993714428966,0.0682039117762871,0.162230007824237,0.0659476953952562,0.0279077023072331
143,0.330455559817522,0.107680074861634,0.085399186163513,0.116113362998315,0.107942062418019,0.0718168523875341,0.0907547336920631,0.0541274051718449,0.035710762489554
144,0.334273846834077,0.167712128607397,0.0407899449197308,0.0737986379013477,0.0606134615345215,0.0598239816586033,0.203746662411412,0.0275163754726639,0.0317249606602468
145,0.328330697327715,0.126578294074144,0.0481861510864477,0.119822783363715,0.0587258991854806,0.065365820045167,0.185239204439179,0.0400619675217218,0.0276891829564305
146,0.0444551690296596,0.672174066619374,0.0200905607762168,0.0303174124049449,0.0279509107889832,0.0312419015781644,0.150560688287439,0.0146111760641904,0.00859811445102757
147,0.181862867721692,0.218474360162717,0.0523675071676851,0.103364055800162,0.071591059194532,0.0664285768025999,0.230146970352205,0.0332428989917948,0.0425217038066125
148,0.180916448258854,0.21701767994462,0.0525577353946446,0.105410692430077,0.0718081823936575,0.0664076662407411,0.230595965453804,0.0328363308731192,0.0424492990104824
149,0.181862867721692,0.218474360162717,0.0523675071676851,0.103364055800162,0.071591059194532,0.0664285768025999,0.230146970352205,0.0332428989917948,0.0425217038066125
150,0.21864966895579,0.206975587180304,0.0492854072682009,0.0945184531368294,0.0686165405864656,0.0648169275989045,0.225441775182915,0.0314674871648365,0.0402281529257546
151,0.133942710791739,0.392326276239337,0.0644367839907889,0.0883138878197685,0.0599419539122842,0.0519113813293699,0.143817767817914,0.0321484807472319,0.0331607573515668
152,0.181862867721692,0.218474360162717,0.0523675071676851,0.103364055800162,0.071591059194532,0.0664285768025999,0.230146970352205,0.0332428989917948,0.0425217038066125
153,0.181862867721692,0.218474360162717,0.0523675071676851,0.103364055800162,0.071591059194532,0.0664285768025999,0.230146970352205,0.0332428989917948,0.0425217038066125
154,0.3543597008816,0.120141756826371,0.0480385188893138,0.126887175671741,0.0603057186987065,0.0630129689102162,0.166688522200293,0.0344440372862891,0.0261216006354697
155,0.304154057600897,0.15142150940428,0.049211213683963,0.132062387589605,0.058786124679009,0.061420019431686,0.175509081332816,0.0409738898799158,0.0264617163978288
156,0.169322953858567,0.263260584985658,0.0506713666549192,0.0907203849265453,0.0628038089453494,0.0617591645023296,0.226195574087049,0.0370460078015636,0.0382201542380194
157,0.471425489929507,0.14905452219821,0.0442799800303054,0.0981066478556723,0.0706665738064415,0.0466364143614604,0.0872907967546062,0.0140400300005126,0.018499545063284
158,0.0946223338542445,0.349048869632023,0.0513359553954755,0.105780039792674,0.0510157983725096,0.068667332722389,0.205618342152546,0.0405940731031456,0.0333172549749922
159,0.220062840003064,0.151570872164671,0.0632204856575178,0.16413209969056,0.0624908400487285,0.0648108935178483,0.184847340554868,0.0529948056018219,0.035869822760922
160,0.197302471454858,0.229634081512278,0.0511208365949649,0.13042873734237,0.0627295012543369,0.071211975721703,0.183616625390294,0.0451572546310135,0.0287985160981823
161,0.605157146193065,0.224228612421674,0.0121163510379069,0.0277502246822198,0.0237722495733408,0.0205614815555278,0.0689437873124383,0.0106773701922232,0.00679277703160474
162,0.17102947728602,0.303671199561058,0.0493879242055626,0.128218993148599,0.0493348095695947,0.0630271497560976,0.150338182542327,0.0545158718885706,0.0304763920421698
163,0.181862867721692,0.218474360162717,0.0523675071676851,0.103364055800162,0.071591059194532,0.0664285768025999,0.230146970352205,0.0332428989917948,0.0425217038066125
164,0.182954210773696,0.169380067617275,0.059988745533921,0.145502353580801,0.0753273680811068,0.0707223556023183,0.226056729368697,0.0313187583824565,0.0387494110597283
165,0.605157146193065,0.224228612421674,0.0121163510379069,0.0277502246822198,0.0237722495733408,0.0205614815555278,0.0689437873124383,0.0106773701922232,0.00679277703160474
166,0.155922677008954,0.360518168128,0.0496186784060491,0.0937382380872611,0.0578449126706226,0.056273002642128,0.166655489206198,0.0366524982037656,0.0227763356470225
167,0.220062840003064,0.151570872164671,0.0632204856575178,0.16413209969056,0.0624908400487285,0.0648108935178483,0.184847340554868,0.0529948056018219,0.035869822760922
168,0.0927036966582243,0.447944870615267,0.0374022563747514,0.0933134200645107,0.0394038651496663,0.0705619869099785,0.163742978774866,0.0373872228656537,0.0175397025870821
169,0.181857782176866,0.218465301083653,0.0523686880761825,0.103375764031457,0.071592468438757,0.0664285052465994,0.230149710758662,0.0332404944420873,0.0425212857457358
170,0.38845561397286,0.224719813204704,0.0262410532325527,0.0838959869392534,0.0472674670673733,0.0611133637821948,0.136275953701631,0.0175653772760304,0.0144653708234012
171,0.126594324662665,0.390238652951006,0.0366559570040872,0.105423033623906,0.040349439183569,0.0723724437364569,0.178315303747338,0.0336793343871944,0.0163715107037776
172,0.223713644655619,0.156982100649417,0.0648547776989448,0.151167291901515,0.0623287038628856,0.0655545095305807,0.182747048556766,0.0558995177460739,0.0367524053981987
173,0.220062840003064,0.151570872164671,0.0632204856575178,0.16413209969056,0.0624908400487285,0.0648108935178483,0.184847340554868,0.0529948056018219,0.035869822760922
174,0.248085412394747,0.139854984515106,0.0597351790835721,0.162925643689808,0.0627141620249014,0.0642226910001113,0.183916259018653,0.0458283413321076,0.0327173269409939
175,0.220062840003064,0.151570872164671,0.0632204856575178,0.16413209969056,0.0624908400487285,0.0648108935178483,0.184847340554868,0.0529948056018219,0.035869822760922
176,0.181775325012014,0.218427816482982,0.0523943413987437,0.103388130551321,0.0715984170685766,0.0664577637609468,0.230163440249577,0.0332898013403913,0.0425049641354469
177,0.310659289865983,0.139636723258801,0.0499840205177732,0.13704791960936,0.0577504884387472,0.0635797357761983,0.177008664405522,0.0379394977815765,0.0263936603460384
178,0.181862867716047,0.218474360153922,0.0523675071689065,0.103364055811933,0.071591059195987,0.0664285768025547,0.230146970354972,0.0332428989894413,0.0425217038062358
179,0.148270150318832,0.229706000000252,0.0568729535263442,0.114989725093286,0.0739933949937769,0.0663550725696373,0.230046081111386,0.0375667303331065,0.0421998920533787
180,0.181484733044656,0.219305243046796,0.0523282164195193,0.10326154793135,0.0714962135462419,0.0663167315265168,0.230137952526312,0.0332014045872151,0.0424679573713931
181,0.181865710605086,0.218473413625299,0.0523672729460715,0.103363308872298,0.0715908007569285,0.0664284590306803,0.230146747209902,0.0332427616602392,0.0425215252934953
182,0.198573863994793,0.215323649911999,0.056947817716198,0.133709772320936,0.0641332110521983,0.066532465262763,0.180776961715445,0.0492149235585841,0.0347873344670835
183,0.173712626680644,0.2887039201346,0.0470526129443156,0.124410798843328,0.0543255735009204,0.0666337312614466,0.154488321812814,0.0612981268870361,0.0293742879348946
184,0.380160373502959,0.153693906281679,0.0355986535270515,0.123011881601577,0.0636864563339355,0.057110616846128,0.141359692622707,0.0247381680281746,0.0206402512557886
185,0.181862867724951,0.21847436016169,0.0523675071674183,0.103364055799257,0.0715910591942515,0.0664285768024655,0.230146970351914,0.033242898991639,0.0425217038064146
186,0.181862867721692,0.218474360162717,0.0523675071676851,0.103364055800162,0.071591059194532,0.0664285768025999,0.230146970352205,0.0332428989917948,0.0425217038066125
187,0.131527759425278,0.208186073284632,0.0460358378647991,0.0771818182726782,0.0639526219817106,0.0957725919847236,0.283381423905528,0.0610694910134218,0.032892382267229
188,0.216550977077736,0.219454390531985,0.0509985629994063,0.121555693655272,0.0643640178309909,0.0718895056683403,0.182834836037013,0.0422339202383743,0.0301180959608819
189,0.163063800898278,0.252511115956946,0.0516045131699591,0.0991607560958068,0.0678939548296633,0.0630307444780425,0.229622094713189,0.0333119273275942,0.0398010925305203
190,0.17970314261101,0.224738840461431,0.0520263339382478,0.101528829703246,0.0707191275697743,0.0656721459952096,0.230805886303966,0.0333792396036623,0.0414264538134527
191,0.228158693524987,0.178410723273024,0.0606495784535303,0.144164551404105,0.0586936844689514,0.0646272800229334,0.175243202659454,0.0552438057489532,0.034808480444061
192,0.174161341556039,0.22858768027636,0.0526205777813666,0.102598587583384,0.0705444548048811,0.0658338707605426,0.230039588685347,0.0341533573567751,0.0414605411953044
193,0.220062840003064,0.151570872164671,0.0632204856575178,0.16413209969056,0.0624908400487285,0.0648108935178483,0.184847340554868,0.0529948056018219,0.035869822760922
194,0.355968188114928,0.16496973789784,0.0385386423162325,0.0735762424293965,0.0592168699751038,0.0575941578637813,0.193784814877366,0.0248317885271481,0.0315195579982035
195,0.393918758069565,0.18234649972691,0.0323704803035844,0.102262783012597,0.0542145335750809,0.0601086555369048,0.132531492604545,0.0265645929959192,0.0156822041748938
196,0.181862867721692,0.218474360162717,0.0523675071676851,0.103364055800162,0.071591059194532,0.0664285768025999,0.230146970352205,0.0332428989917948,0.0425217038066125
197,0.220062840003064,0.151570872164671,0.0632204856575178,0.16413209969056,0.0624908400487285,0.0648108935178483,0.184847340554868,0.0529948056018219,0.035869822760922
198,0.220062840003064,0.151570872164671,0.0632204856575178,0.16413209969056,0.0624908400487285,0.0648108935178483,0.184847340554868,0.0529948056018219,0.035869822760922
199,0.197956480553336,0.218612107919947,0.0525457638558837,0.10558062598187,0.069392636458155,0.0667934027202297,0.218095547620713,0.0327474331834018,0.038276001706464
200,0.181862867721692,0.218474360162717,0.0523675071676851,0.103364055800162,0.071591059194532,0.0664285768025999,0.230146970352205,0.0332428989917948,0.0425217038066125
201,0.605157146193065,0.224228612421674,0.0121163510379069,0.0277502246822198,0.0237722495733408,0.0205614815555278,0.0689437873124383,0.0106773701922232,0.00679277703160474
202,0.220062840003064,0.151570872164671,0.0632204856575178,0.16413209969056,0.0624908400487285,0.0648108935178483,0.184847340554868,0.0529948056018219,0.035869822760922
203,0.200262930023512,0.235246180319413,0.0500137137696326,0.139502876119429,0.0621671383527415,0.0674551180845001,0.161529321013822,0.0542532009662857,0.0295695213506649
204,0.179454603290499,0.223782435785606,0.0521146417029703,0.102696591962631,0.07098507007226,0.0657203873209121,0.230084601199147,0.0329777603232627,0.0421839083427115
205,0.181485706037258,0.217689701381111,0.0524479968334839,0.104074371148034,0.0717913121102324,0.0664600986765051,0.230455322174978,0.0331109215550397,0.0424845700833575
206,0.506629117810737,0.0995243951643849,0.0297324869567697,0.0976957425000196,0.0545140118658272,0.05703268771488,0.118429513352094,0.019426021223463,0.017016023411824
207,0.192707298032824,0.213891516456484,0.0526923171702699,0.115112761096726,0.0683392979317984,0.0669218611119518,0.220107081695879,0.0334138189383373,0.03681404756573
208,0.106155333597297,0.245330535321555,0.0621192848307435,0.0925232850944539,0.0651157393952164,0.100291070064617,0.213180319295629,0.0761771177233823,0.0391073146771052
209,0.235819425430623,0.180756121859848,0.0485275338515666,0.0881127658222684,0.0750957098008146,0.0671245894874317,0.234894581311382,0.0314465084167968,0.0382227640192679
210,0.18179398797409,0.218423609642142,0.0523593808069531,0.103360567813475,0.0715759544387648,0.0665183452126607,0.230216633278255,0.0332497361497409,0.042501784683918
211,0.127885396717952,0.282927040482661,0.0507109371006276,0.0947831655404912,0.0617071729493787,0.0712460969767121,0.236941880916765,0.0382164443947561,0.0355818649206561
212,0.220062840003064,0.151570872164671,0.0632204856575178,0.16413209969056,0.0624908400487285,0.0648108935178483,0.184847340554868,0.0529948056018219,0.035869822760922
213,0.116853582954957,0.376544191397889,0.0580239989323151,0.0823054026784368,0.0564732225031965,0.0552736416019889,0.179876857551063,0.0381614157481929,0.0364876866319602
214,0.300495186698364,0.129565639123398,0.054788222837455,0.141590503383119,0.0610620227160219,0.06342934192835,0.179609818614658,0.0402273623140046,0.0292319023846295
215,0.155999005498738,0.211604708664667,0.0566691540685593,0.120522075619049,0.0751388905200795,0.0655600243518575,0.238966519207816,0.0336006467653208,0.0419389753039134
216,0.118181610008245,0.200378572762111,0.0610352782672884,0.119603227515401,0.0720567710884949,0.109037003147968,0.210505862335552,0.069546998926706,0.0396546759482327
217,0.0470516681307558,0.569198754633857,0.0208976927026938,0.0346168457630515,0.0347085990873956,0.0371144483055271,0.222695846630897,0.0225845558448085,0.0111315889010134
218,0.118311143705128,0.222455302331096,0.0448336341475056,0.0760688149735717,0.0626793776729996,0.0961809411436388,0.289761986323873,0.0589845280942046,0.0307242716079822
219,0.191776884100674,0.118748381887028,0.114165893094642,0.134647764310496,0.125972223741238,0.0857821638030161,0.134881672374924,0.04055358590072,0.0534714307872629
220,0.162301901879757,0.264251591302699,0.0500131694120124,0.0967350883860962,0.0665385196579297,0.0607329490321808,0.229108345692873,0.0308876156406295,0.0394308189958225
221,0.0902049442639503,0.469870943591905,0.0378757940057253,0.0605279712138899,0.0484688866688717,0.042975174482429,0.20428597759456,0.0232559647625874,0.0225343434160809
222,0.475160456767751,0.146516236385392,0.0284378627761329,0.0956315617053112,0.0402073122909944,0.0382992732812311,0.138112446377286,0.0232003183881578,0.0144345320277435
223,0.181862867721692,0.218474360162717,0.0523675071676851,0.103364055800162,0.071591059194532,0.0664285768025999,0.230146970352205,0.0332428989917948,0.0425217038066125
224,0.605157146193065,0.224228612421674,0.0121163510379069,0.0277502246822198,0.0237722495733408,0.0205614815555278,0.0689437873124383,0.0106773701922232,0.00679277703160474
225,0.179392912565991,0.226751100838188,0.0523530650387459,0.105282013902486,0.0693291768230841,0.0668068639679235,0.22665976596674,0.0336777707352735,0.0397473301615684
226,0.176300064957233,0.252814735761662,0.0511641460158605,0.137246620853956,0.0565148398061877,0.0645988412174033,0.187244764055836,0.0447363060010084,0.0293796813308529
227,0.18114096989916,0.215015691044406,0.0500595924665839,0.0948198338956925,0.069232598997886,0.0743645422787527,0.242070319302278,0.0368212256827406,0.0364752264324996
228,0.393918758069565,0.18234649972691,0.0323704803035844,0.102262783012597,0.0542145335750809,0.0601086555369048,0.132531492604545,0.0265645929959192,0.0156822041748938
229,0.605157146193065,0.224228612421674,0.0121163510379069,0.0277502246822198,0.0237722495733408,0.0205614815555278,0.0689437873124383,0.0106773701922232,0.00679277703160474
230,0.202517507528804,0.2342151478172,0.0535898731914728,0.14692837666769,0.0525443863299261,0.0624511260740236,0.170789293530621,0.0472353318965715,0.0297289569636912
231,0.0843439025698487,0.382366295009731,0.0440450737613907,0.0694885667536591,0.0477789024350371,0.087390267026465,0.198505085727743,0.0605483503705865,0.0255335563455381
232,0.145465499427269,0.227942652779888,0.0584822927920601,0.167978705439113,0.0592788026199241,0.0609804985232378,0.206405565072937,0.0404153078008403,0.0330506755447303
233,0.130536249941801,0.302478494326125,0.0507062413461105,0.106279460942072,0.0569271882482505,0.0692687102627632,0.213444348628018,0.0400029283324397,0.0303563779724213
234,0.176422117879544,0.184577124671713,0.0611798631707897,0.179010633791009,0.0628281455332671,0.0665827173748639,0.190815630496389,0.0413496123998578,0.0372341546825663
